 0.0000e+00  0.0000e+00
 1.0010e-02  0.0000e+00
 2.0020e-02  0.0000e+00
 3.0030e-02  0.0000e+00
 4.0040e-02  0.0000e+00
 5.0050e-02  0.0000e+00
 6.0060e-02  0.0000e+00
 7.0070e-02  0.0000e+00
 8.0080e-02  0.0000e+00
 9.0090e-02  0.0000e+00
 1.0010e-01  0.0000e+00
 1.1011e-01  0.0000e+00
 1.2012e-01  0.0000e+00
 1.3013e-01  0.0000e+00
 1.4014e-01  0.0000e+00
 1.5015e-01  0.0000e+00
 1.6016e-01  0.0000e+00
 1.7017e-01  0.0000e+00
 1.8018e-01  0.0000e+00
 1.9019e-01  0.0000e+00
 2.0020e-01  0.0000e+00
 2.1021e-01  0.0000e+00
 2.2022e-01  0.0000e+00
 2.3023e-01  0.0000e+00
 2.4024e-01  0.0000e+00
 2.5025e-01  0.0000e+00
 2.6026e-01  0.0000e+00
 2.7027e-01  0.0000e+00
 2.8028e-01  0.0000e+00
 2.9029e-01  0.0000e+00
 3.0030e-01  0.0000e+00
 3.1031e-01  0.0000e+00
 3.2032e-01  0.0000e+00
 3.3033e-01  0.0000e+00
 3.4034e-01  0.0000e+00
 3.5035e-01  0.0000e+00
 3.6036e-01  0.0000e+00
 3.7037e-01  0.0000e+00
 3.8038e-01  0.0000e+00
 3.9039e-01  0.0000e+00
 4.0040e-01  0.0000e+00
 4.1041e-01  0.0000e+00
 4.2042e-01  0.0000e+00
 4.3043e-01  0.0000e+00
 4.4044e-01  0.0000e+00
 4.5045e-01  0.0000e+00
 4.6046e-01  0.0000e+00
 4.7047e-01  0.0000e+00
 4.8048e-01  0.0000e+00
 4.9049e-01  0.0000e+00
 5.0050e-01  0.0000e+00
 5.1051e-01  0.0000e+00
 5.2052e-01  0.0000e+00
 5.3053e-01  0.0000e+00
 5.4054e-01  0.0000e+00
 5.5055e-01  0.0000e+00
 5.6056e-01  0.0000e+00
 5.7057e-01  0.0000e+00
 5.8058e-01  0.0000e+00
 5.9059e-01  0.0000e+00
 6.0060e-01  0.0000e+00
 6.1061e-01  0.0000e+00
 6.2062e-01  0.0000e+00
 6.3063e-01  0.0000e+00
 6.4064e-01  0.0000e+00
 6.5065e-01  0.0000e+00
 6.6066e-01  0.0000e+00
 6.7067e-01  0.0000e+00
 6.8068e-01  0.0000e+00
 6.9069e-01  0.0000e+00
 7.0070e-01  0.0000e+00
 7.1071e-01  0.0000e+00
 7.2072e-01  0.0000e+00
 7.3073e-01  0.0000e+00
 7.4074e-01  0.0000e+00
 7.5075e-01  0.0000e+00
 7.6076e-01  0.0000e+00
 7.7077e-01  0.0000e+00
 7.8078e-01  0.0000e+00
 7.9079e-01  0.0000e+00
 8.0080e-01  0.0000e+00
 8.1081e-01  0.0000e+00
 8.2082e-01  0.0000e+00
 8.3083e-01  0.0000e+00
 8.4084e-01  0.0000e+00
 8.5085e-01  0.0000e+00
 8.6086e-01  0.0000e+00
 8.7087e-01  0.0000e+00
 8.8088e-01  0.0000e+00
 8.9089e-01  0.0000e+00
 9.0090e-01  0.0000e+00
 9.1091e-01  0.0000e+00
 9.2092e-01  0.0000e+00
 9.3093e-01  0.0000e+00
 9.4094e-01  0.0000e+00
 9.5095e-01  0.0000e+00
 9.6096e-01  0.0000e+00
 9.7097e-01  0.0000e+00
 9.8098e-01  0.0000e+00
 9.9099e-01  0.0000e+00
 1.0010e+00  0.0000e+00
 1.0110e+00  0.0000e+00
 1.0210e+00  0.0000e+00
 1.0310e+00  0.0000e+00
 1.0410e+00  0.0000e+00
 1.0511e+00  0.0000e+00
 1.0611e+00  0.0000e+00
 1.0711e+00  0.0000e+00
 1.0811e+00  0.0000e+00
 1.0911e+00  0.0000e+00
 1.1011e+00  0.0000e+00
 1.1111e+00  0.0000e+00
 1.1211e+00  0.0000e+00
 1.1311e+00  0.0000e+00
 1.1411e+00  0.0000e+00
 1.1512e+00  0.0000e+00
 1.1612e+00  0.0000e+00
 1.1712e+00  0.0000e+00
 1.1812e+00  0.0000e+00
 1.1912e+00  0.0000e+00
 1.2012e+00  0.0000e+00
 1.2112e+00  0.0000e+00
 1.2212e+00  0.0000e+00
 1.2312e+00  0.0000e+00
 1.2412e+00  0.0000e+00
 1.2513e+00  0.0000e+00
 1.2613e+00  0.0000e+00
 1.2713e+00  0.0000e+00
 1.2813e+00  0.0000e+00
 1.2913e+00  0.0000e+00
 1.3013e+00  0.0000e+00
 1.3113e+00  0.0000e+00
 1.3213e+00  0.0000e+00
 1.3313e+00  0.0000e+00
 1.3413e+00  0.0000e+00
 1.3514e+00  0.0000e+00
 1.3614e+00  0.0000e+00
 1.3714e+00  0.0000e+00
 1.3814e+00  0.0000e+00
 1.3914e+00  0.0000e+00
 1.4014e+00  0.0000e+00
 1.4114e+00  0.0000e+00
 1.4214e+00  0.0000e+00
 1.4314e+00  0.0000e+00
 1.4414e+00  0.0000e+00
 1.4515e+00  0.0000e+00
 1.4615e+00  0.0000e+00
 1.4715e+00  0.0000e+00
 1.4815e+00  0.0000e+00
 1.4915e+00  0.0000e+00
 1.5015e+00  0.0000e+00
 1.5115e+00  0.0000e+00
 1.5215e+00  0.0000e+00
 1.5315e+00  0.0000e+00
 1.5415e+00  0.0000e+00
 1.5516e+00  0.0000e+00
 1.5616e+00  0.0000e+00
 1.5716e+00  0.0000e+00
 1.5816e+00  0.0000e+00
 1.5916e+00  0.0000e+00
 1.6016e+00  0.0000e+00
 1.6116e+00  0.0000e+00
 1.6216e+00  0.0000e+00
 1.6316e+00  0.0000e+00
 1.6416e+00  0.0000e+00
 1.6517e+00  0.0000e+00
 1.6617e+00  0.0000e+00
 1.6717e+00  0.0000e+00
 1.6817e+00  0.0000e+00
 1.6917e+00  0.0000e+00
 1.7017e+00  0.0000e+00
 1.7117e+00  0.0000e+00
 1.7217e+00  0.0000e+00
 1.7317e+00  0.0000e+00
 1.7417e+00  0.0000e+00
 1.7518e+00  0.0000e+00
 1.7618e+00  0.0000e+00
 1.7718e+00  0.0000e+00
 1.7818e+00  0.0000e+00
 1.7918e+00  0.0000e+00
 1.8018e+00  0.0000e+00
 1.8118e+00  0.0000e+00
 1.8218e+00  0.0000e+00
 1.8318e+00  0.0000e+00
 1.8418e+00  0.0000e+00
 1.8519e+00  0.0000e+00
 1.8619e+00  0.0000e+00
 1.8719e+00  0.0000e+00
 1.8819e+00  0.0000e+00
 1.8919e+00  0.0000e+00
 1.9019e+00  0.0000e+00
 1.9119e+00  0.0000e+00
 1.9219e+00  0.0000e+00
 1.9319e+00  0.0000e+00
 1.9419e+00  0.0000e+00
 1.9520e+00  0.0000e+00
 1.9620e+00  0.0000e+00
 1.9720e+00  0.0000e+00
 1.9820e+00  0.0000e+00
 1.9920e+00  0.0000e+00
 2.0020e+00  2.0010e-03
 2.0120e+00  1.1976e-02
 2.0220e+00  2.1901e-02
 2.0320e+00  3.1776e-02
 2.0420e+00  4.1600e-02
 2.0521e+00  5.1375e-02
 2.0621e+00  6.1099e-02
 2.0721e+00  7.0773e-02
 2.0821e+00  8.0398e-02
 2.0921e+00  8.9972e-02
 2.1021e+00  9.9496e-02
 2.1121e+00  1.0897e-01
 2.1221e+00  1.1839e-01
 2.1321e+00  1.2777e-01
 2.1421e+00  1.3709e-01
 2.1522e+00  1.4636e-01
 2.1622e+00  1.5559e-01
 2.1722e+00  1.6476e-01
 2.1822e+00  1.7388e-01
 2.1922e+00  1.8296e-01
 2.2022e+00  1.9198e-01
 2.2122e+00  2.0095e-01
 2.2222e+00  2.0988e-01
 2.2322e+00  2.1875e-01
 2.2422e+00  2.2757e-01
 2.2523e+00  2.3634e-01
 2.2623e+00  2.4507e-01
 2.2723e+00  2.5374e-01
 2.2823e+00  2.6236e-01
 2.2923e+00  2.7093e-01
 2.3023e+00  2.7946e-01
 2.3123e+00  2.8793e-01
 2.3223e+00  2.9635e-01
 2.3323e+00  3.0472e-01
 2.3423e+00  3.1304e-01
 2.3524e+00  3.2131e-01
 2.3624e+00  3.2954e-01
 2.3724e+00  3.3771e-01
 2.3824e+00  3.4583e-01
 2.3924e+00  3.5390e-01
 2.4024e+00  3.6192e-01
 2.4124e+00  3.6989e-01
 2.4224e+00  3.7781e-01
 2.4324e+00  3.8568e-01
 2.4424e+00  3.9350e-01
 2.4525e+00  4.0127e-01
 2.4625e+00  4.0899e-01
 2.4725e+00  4.1666e-01
 2.4825e+00  4.2429e-01
 2.4925e+00  4.3186e-01
 2.5025e+00  4.3938e-01
 2.5125e+00  4.4685e-01
 2.5225e+00  4.5427e-01
 2.5325e+00  4.6163e-01
 2.5425e+00  4.6895e-01
 2.5526e+00  4.7622e-01
 2.5626e+00  4.8344e-01
 2.5726e+00  4.9061e-01
 2.5826e+00  4.9773e-01
 2.5926e+00  5.0480e-01
 2.6026e+00  5.1182e-01
 2.6126e+00  5.1879e-01
 2.6226e+00  5.2571e-01
 2.6326e+00  5.3258e-01
 2.6426e+00  5.3940e-01
 2.6527e+00  5.4616e-01
 2.6627e+00  5.5288e-01
 2.6727e+00  5.5955e-01
 2.6827e+00  5.6617e-01
 2.6927e+00  5.7274e-01
 2.7027e+00  5.7925e-01
 2.7127e+00  5.8572e-01
 2.7227e+00  5.9214e-01
 2.7327e+00  5.9851e-01
 2.7427e+00  6.0483e-01
 2.7528e+00  6.1109e-01
 2.7628e+00  6.1731e-01
 2.7728e+00  6.2348e-01
 2.7828e+00  6.2960e-01
 2.7928e+00  6.3566e-01
 2.8028e+00  6.4168e-01
 2.8128e+00  6.4765e-01
 2.8228e+00  6.5356e-01
 2.8328e+00  6.5943e-01
 2.8428e+00  6.6525e-01
 2.8529e+00  6.7101e-01
 2.8629e+00  6.7673e-01
 2.8729e+00  6.8240e-01
 2.8829e+00  6.8801e-01
 2.8929e+00  6.9358e-01
 2.9029e+00  6.9909e-01
 2.9129e+00  7.0456e-01
 2.9229e+00  7.0998e-01
 2.9329e+00  7.1534e-01
 2.9429e+00  7.2066e-01
 2.9530e+00  7.2592e-01
 2.9630e+00  7.3114e-01
 2.9730e+00  7.3630e-01
 2.9830e+00  7.4142e-01
 2.9930e+00  7.4648e-01
 3.0030e+00  7.5150e-01
 3.0130e+00  7.5646e-01
 3.0230e+00  7.6138e-01
 3.0330e+00  7.6624e-01
 3.0430e+00  7.7106e-01
 3.0531e+00  7.7582e-01
 3.0631e+00  7.8054e-01
 3.0731e+00  7.8520e-01
 3.0831e+00  7.8982e-01
 3.0931e+00  7.9438e-01
 3.1031e+00  7.9889e-01
 3.1131e+00  8.0336e-01
 3.1231e+00  8.0777e-01
 3.1331e+00  8.1214e-01
 3.1431e+00  8.1645e-01
 3.1532e+00  8.2071e-01
 3.1632e+00  8.2493e-01
 3.1732e+00  8.2909e-01
 3.1832e+00  8.3320e-01
 3.1932e+00  8.3727e-01
 3.2032e+00  8.4128e-01
 3.2132e+00  8.4524e-01
 3.2232e+00  8.4915e-01
 3.2332e+00  8.5302e-01
 3.2432e+00  8.5683e-01
 3.2533e+00  8.6059e-01
 3.2633e+00  8.6430e-01
 3.2733e+00  8.6797e-01
 3.2833e+00  8.7158e-01
 3.2933e+00  8.7514e-01
 3.3033e+00  8.7865e-01
 3.3133e+00  8.8212e-01
 3.3233e+00  8.8553e-01
 3.3333e+00  8.8889e-01
 3.3433e+00  8.9220e-01
 3.3534e+00  8.9546e-01
 3.3634e+00  8.9867e-01
 3.3734e+00  9.0183e-01
 3.3834e+00  9.0495e-01
 3.3934e+00  9.0801e-01
 3.4034e+00  9.1102e-01
 3.4134e+00  9.1398e-01
 3.4234e+00  9.1689e-01
 3.4334e+00  9.1975e-01
 3.4434e+00  9.2256e-01
 3.4535e+00  9.2532e-01
 3.4635e+00  9.2803e-01
 3.4735e+00  9.3069e-01
 3.4835e+00  9.3330e-01
 3.4935e+00  9.3586e-01
 3.5035e+00  9.3837e-01
 3.5135e+00  9.4083e-01
 3.5235e+00  9.4324e-01
 3.5335e+00  9.4560e-01
 3.5435e+00  9.4791e-01
 3.5536e+00  9.5017e-01
 3.5636e+00  9.5238e-01
 3.5736e+00  9.5454e-01
 3.5836e+00  9.5665e-01
 3.5936e+00  9.5871e-01
 3.6036e+00  9.6072e-01
 3.6136e+00  9.6268e-01
 3.6236e+00  9.6459e-01
 3.6336e+00  9.6644e-01
 3.6436e+00  9.6825e-01
 3.6537e+00  9.7001e-01
 3.6637e+00  9.7172e-01
 3.6737e+00  9.7338e-01
 3.6837e+00  9.7499e-01
 3.6937e+00  9.7654e-01
 3.7037e+00  9.7805e-01
 3.7137e+00  9.7951e-01
 3.7237e+00  9.8092e-01
 3.7337e+00  9.8228e-01
 3.7437e+00  9.8358e-01
 3.7538e+00  9.8484e-01
 3.7638e+00  9.8605e-01
 3.7738e+00  9.8721e-01
 3.7838e+00  9.8831e-01
 3.7938e+00  9.8937e-01
 3.8038e+00  9.9038e-01
 3.8138e+00  9.9133e-01
 3.8238e+00  9.9224e-01
 3.8338e+00  9.9310e-01
 3.8438e+00  9.9390e-01
 3.8539e+00  9.9466e-01
 3.8639e+00  9.9537e-01
 3.8739e+00  9.9602e-01
 3.8839e+00  9.9663e-01
 3.8939e+00  9.9719e-01
 3.9039e+00  9.9769e-01
 3.9139e+00  9.9815e-01
 3.9239e+00  9.9855e-01
 3.9339e+00  9.9891e-01
 3.9439e+00  9.9921e-01
 3.9540e+00  9.9947e-01
 3.9640e+00  9.9968e-01
 3.9740e+00  9.9983e-01
 3.9840e+00  9.9994e-01
 3.9940e+00  9.9999e-01
 4.0040e+00  0.0000e+00
 4.0140e+00  0.0000e+00
 4.0240e+00  0.0000e+00
 4.0340e+00  0.0000e+00
 4.0440e+00  0.0000e+00
 4.0541e+00  0.0000e+00
 4.0641e+00  0.0000e+00
 4.0741e+00  0.0000e+00
 4.0841e+00  0.0000e+00
 4.0941e+00  0.0000e+00
 4.1041e+00  0.0000e+00
 4.1141e+00  0.0000e+00
 4.1241e+00  0.0000e+00
 4.1341e+00  0.0000e+00
 4.1441e+00  0.0000e+00
 4.1542e+00  0.0000e+00
 4.1642e+00  0.0000e+00
 4.1742e+00  0.0000e+00
 4.1842e+00  0.0000e+00
 4.1942e+00  0.0000e+00
 4.2042e+00  0.0000e+00
 4.2142e+00  0.0000e+00
 4.2242e+00  0.0000e+00
 4.2342e+00  0.0000e+00
 4.2442e+00  0.0000e+00
 4.2543e+00  0.0000e+00
 4.2643e+00  0.0000e+00
 4.2743e+00  0.0000e+00
 4.2843e+00  0.0000e+00
 4.2943e+00  0.0000e+00
 4.3043e+00  0.0000e+00
 4.3143e+00  0.0000e+00
 4.3243e+00  0.0000e+00
 4.3343e+00  0.0000e+00
 4.3443e+00  0.0000e+00
 4.3544e+00  0.0000e+00
 4.3644e+00  0.0000e+00
 4.3744e+00  0.0000e+00
 4.3844e+00  0.0000e+00
 4.3944e+00  0.0000e+00
 4.4044e+00  0.0000e+00
 4.4144e+00  0.0000e+00
 4.4244e+00  0.0000e+00
 4.4344e+00  0.0000e+00
 4.4444e+00  0.0000e+00
 4.4545e+00  0.0000e+00
 4.4645e+00  0.0000e+00
 4.4745e+00  0.0000e+00
 4.4845e+00  0.0000e+00
 4.4945e+00  0.0000e+00
 4.5045e+00  0.0000e+00
 4.5145e+00  0.0000e+00
 4.5245e+00  0.0000e+00
 4.5345e+00  0.0000e+00
 4.5445e+00  0.0000e+00
 4.5546e+00  0.0000e+00
 4.5646e+00  0.0000e+00
 4.5746e+00  0.0000e+00
 4.5846e+00  0.0000e+00
 4.5946e+00  0.0000e+00
 4.6046e+00  0.0000e+00
 4.6146e+00  0.0000e+00
 4.6246e+00  0.0000e+00
 4.6346e+00  0.0000e+00
 4.6446e+00  0.0000e+00
 4.6547e+00  0.0000e+00
 4.6647e+00  0.0000e+00
 4.6747e+00  0.0000e+00
 4.6847e+00  0.0000e+00
 4.6947e+00  0.0000e+00
 4.7047e+00  0.0000e+00
 4.7147e+00  0.0000e+00
 4.7247e+00  0.0000e+00
 4.7347e+00  0.0000e+00
 4.7447e+00  0.0000e+00
 4.7548e+00  0.0000e+00
 4.7648e+00  0.0000e+00
 4.7748e+00  0.0000e+00
 4.7848e+00  0.0000e+00
 4.7948e+00  0.0000e+00
 4.8048e+00  0.0000e+00
 4.8148e+00  0.0000e+00
 4.8248e+00  0.0000e+00
 4.8348e+00  0.0000e+00
 4.8448e+00  0.0000e+00
 4.8549e+00  0.0000e+00
 4.8649e+00  0.0000e+00
 4.8749e+00  0.0000e+00
 4.8849e+00  0.0000e+00
 4.8949e+00  0.0000e+00
 4.9049e+00  0.0000e+00
 4.9149e+00  0.0000e+00
 4.9249e+00  0.0000e+00
 4.9349e+00  0.0000e+00
 4.9449e+00  0.0000e+00
 4.9550e+00  0.0000e+00
 4.9650e+00  0.0000e+00
 4.9750e+00  0.0000e+00
 4.9850e+00  0.0000e+00
 4.9950e+00  0.0000e+00
 5.0050e+00  0.0000e+00
 5.0150e+00  0.0000e+00
 5.0250e+00  0.0000e+00
 5.0350e+00  0.0000e+00
 5.0450e+00  0.0000e+00
 5.0551e+00  0.0000e+00
 5.0651e+00  0.0000e+00
 5.0751e+00  0.0000e+00
 5.0851e+00  0.0000e+00
 5.0951e+00  0.0000e+00
 5.1051e+00  0.0000e+00
 5.1151e+00  0.0000e+00
 5.1251e+00  0.0000e+00
 5.1351e+00  0.0000e+00
 5.1451e+00  0.0000e+00
 5.1552e+00  0.0000e+00
 5.1652e+00  0.0000e+00
 5.1752e+00  0.0000e+00
 5.1852e+00  0.0000e+00
 5.1952e+00  0.0000e+00
 5.2052e+00  0.0000e+00
 5.2152e+00  0.0000e+00
 5.2252e+00  0.0000e+00
 5.2352e+00  0.0000e+00
 5.2452e+00  0.0000e+00
 5.2553e+00  0.0000e+00
 5.2653e+00  0.0000e+00
 5.2753e+00  0.0000e+00
 5.2853e+00  0.0000e+00
 5.2953e+00  0.0000e+00
 5.3053e+00  0.0000e+00
 5.3153e+00  0.0000e+00
 5.3253e+00  0.0000e+00
 5.3353e+00  0.0000e+00
 5.3453e+00  0.0000e+00
 5.3554e+00  0.0000e+00
 5.3654e+00  0.0000e+00
 5.3754e+00  0.0000e+00
 5.3854e+00  0.0000e+00
 5.3954e+00  0.0000e+00
 5.4054e+00  0.0000e+00
 5.4154e+00  0.0000e+00
 5.4254e+00  0.0000e+00
 5.4354e+00  0.0000e+00
 5.4454e+00  0.0000e+00
 5.4555e+00  0.0000e+00
 5.4655e+00  0.0000e+00
 5.4755e+00  0.0000e+00
 5.4855e+00  0.0000e+00
 5.4955e+00  0.0000e+00
 5.5055e+00  0.0000e+00
 5.5155e+00  0.0000e+00
 5.5255e+00  0.0000e+00
 5.5355e+00  0.0000e+00
 5.5455e+00  0.0000e+00
 5.5556e+00  0.0000e+00
 5.5656e+00  0.0000e+00
 5.5756e+00  0.0000e+00
 5.5856e+00  0.0000e+00
 5.5956e+00  0.0000e+00
 5.6056e+00  0.0000e+00
 5.6156e+00  0.0000e+00
 5.6256e+00  0.0000e+00
 5.6356e+00  0.0000e+00
 5.6456e+00  0.0000e+00
 5.6557e+00  0.0000e+00
 5.6657e+00  0.0000e+00
 5.6757e+00  0.0000e+00
 5.6857e+00  0.0000e+00
 5.6957e+00  0.0000e+00
 5.7057e+00  0.0000e+00
 5.7157e+00  0.0000e+00
 5.7257e+00  0.0000e+00
 5.7357e+00  0.0000e+00
 5.7457e+00  0.0000e+00
 5.7558e+00  0.0000e+00
 5.7658e+00  0.0000e+00
 5.7758e+00  0.0000e+00
 5.7858e+00  0.0000e+00
 5.7958e+00  0.0000e+00
 5.8058e+00  0.0000e+00
 5.8158e+00  0.0000e+00
 5.8258e+00  0.0000e+00
 5.8358e+00  0.0000e+00
 5.8458e+00  0.0000e+00
 5.8559e+00  0.0000e+00
 5.8659e+00  0.0000e+00
 5.8759e+00  0.0000e+00
 5.8859e+00  0.0000e+00
 5.8959e+00  0.0000e+00
 5.9059e+00  0.0000e+00
 5.9159e+00  0.0000e+00
 5.9259e+00  0.0000e+00
 5.9359e+00  0.0000e+00
 5.9459e+00  0.0000e+00
 5.9560e+00  0.0000e+00
 5.9660e+00  0.0000e+00
 5.9760e+00  0.0000e+00
 5.9860e+00  0.0000e+00
 5.9960e+00  0.0000e+00
 6.0060e+00  1.4970e+00
 6.0160e+00  1.4920e+00
 6.0260e+00  1.4870e+00
 6.0360e+00  1.4820e+00
 6.0460e+00  1.4770e+00
 6.0561e+00  1.4720e+00
 6.0661e+00  1.4670e+00
 6.0761e+00  1.4620e+00
 6.0861e+00  1.4570e+00
 6.0961e+00  1.4520e+00
 6.1061e+00  1.4469e+00
 6.1161e+00  1.4419e+00
 6.1261e+00  1.4369e+00
 6.1361e+00  1.4319e+00
 6.1461e+00  1.4269e+00
 6.1562e+00  1.4219e+00
 6.1662e+00  1.4169e+00
 6.1762e+00  1.4119e+00
 6.1862e+00  1.4069e+00
 6.1962e+00  1.4019e+00
 6.2062e+00  1.3969e+00
 6.2162e+00  1.3919e+00
 6.2262e+00  1.3869e+00
 6.2362e+00  1.3819e+00
 6.2462e+00  1.3769e+00
 6.2563e+00  1.3719e+00
 6.2663e+00  1.3669e+00
 6.2763e+00  1.3619e+00
 6.2863e+00  1.3569e+00
 6.2963e+00  1.3519e+00
 6.3063e+00  1.3468e+00
 6.3163e+00  1.3418e+00
 6.3263e+00  1.3368e+00
 6.3363e+00  1.3318e+00
 6.3463e+00  1.3268e+00
 6.3564e+00  1.3218e+00
 6.3664e+00  1.3168e+00
 6.3764e+00  1.3118e+00
 6.3864e+00  1.3068e+00
 6.3964e+00  1.3018e+00
 6.4064e+00  1.2968e+00
 6.4164e+00  1.2918e+00
 6.4264e+00  1.2868e+00
 6.4364e+00  1.2818e+00
 6.4464e+00  1.2768e+00
 6.4565e+00  1.2718e+00
 6.4665e+00  1.2668e+00
 6.4765e+00  1.2618e+00
 6.4865e+00  1.2568e+00
 6.4965e+00  1.2518e+00
 6.5065e+00  1.2467e+00
 6.5165e+00  1.2417e+00
 6.5265e+00  1.2367e+00
 6.5365e+00  1.2317e+00
 6.5465e+00  1.2267e+00
 6.5566e+00  1.2217e+00
 6.5666e+00  1.2167e+00
 6.5766e+00  1.2117e+00
 6.5866e+00  1.2067e+00
 6.5966e+00  1.2017e+00
 6.6066e+00  1.1967e+00
 6.6166e+00  1.1917e+00
 6.6266e+00  1.1867e+00
 6.6366e+00  1.1817e+00
 6.6466e+00  1.1767e+00
 6.6567e+00  1.1717e+00
 6.6667e+00  1.1667e+00
 6.6767e+00  1.1617e+00
 6.6867e+00  1.1567e+00
 6.6967e+00  1.1517e+00
 6.7067e+00  1.1466e+00
 6.7167e+00  1.1416e+00
 6.7267e+00  1.1366e+00
 6.7367e+00  1.1316e+00
 6.7467e+00  1.1266e+00
 6.7568e+00  1.1216e+00
 6.7668e+00  1.1166e+00
 6.7768e+00  1.1116e+00
 6.7868e+00  1.1066e+00
 6.7968e+00  1.1016e+00
 6.8068e+00  1.0966e+00
 6.8168e+00  1.0916e+00
 6.8268e+00  1.0866e+00
 6.8368e+00  1.0816e+00
 6.8468e+00  1.0766e+00
 6.8569e+00  1.0716e+00
 6.8669e+00  1.0666e+00
 6.8769e+00  1.0616e+00
 6.8869e+00  1.0566e+00
 6.8969e+00  1.0516e+00
 6.9069e+00  1.0465e+00
 6.9169e+00  1.0415e+00
 6.9269e+00  1.0365e+00
 6.9369e+00  1.0315e+00
 6.9469e+00  1.0265e+00
 6.9570e+00  1.0215e+00
 6.9670e+00  1.0165e+00
 6.9770e+00  1.0115e+00
 6.9870e+00  1.0065e+00
 6.9970e+00  1.0015e+00
 7.0070e+00  9.9650e-01
 7.0170e+00  9.9149e-01
 7.0270e+00  9.8649e-01
 7.0370e+00  9.8148e-01
 7.0470e+00  9.7648e-01
 7.0571e+00  9.7147e-01
 7.0671e+00  9.6647e-01
 7.0771e+00  9.6146e-01
 7.0871e+00  9.5646e-01
 7.0971e+00  9.5145e-01
 7.1071e+00  9.4645e-01
 7.1171e+00  9.4144e-01
 7.1271e+00  9.3644e-01
 7.1371e+00  9.3143e-01
 7.1471e+00  9.2643e-01
 7.1572e+00  9.2142e-01
 7.1672e+00  9.1642e-01
 7.1772e+00  9.1141e-01
 7.1872e+00  9.0641e-01
 7.1972e+00  9.0140e-01
 7.2072e+00  8.9640e-01
 7.2172e+00  8.9139e-01
 7.2272e+00  8.8639e-01
 7.2372e+00  8.8138e-01
 7.2472e+00  8.7638e-01
 7.2573e+00  8.7137e-01
 7.2673e+00  8.6637e-01
 7.2773e+00  8.6136e-01
 7.2873e+00  8.5636e-01
 7.2973e+00  8.5135e-01
 7.3073e+00  8.4635e-01
 7.3173e+00  8.4134e-01
 7.3273e+00  8.3634e-01
 7.3373e+00  8.3133e-01
 7.3473e+00  8.2633e-01
 7.3574e+00  8.2132e-01
 7.3674e+00  8.1632e-01
 7.3774e+00  8.1131e-01
 7.3874e+00  8.0631e-01
 7.3974e+00  8.0130e-01
 7.4074e+00  7.9630e-01
 7.4174e+00  7.9129e-01
 7.4274e+00  7.8629e-01
 7.4374e+00  7.8128e-01
 7.4474e+00  7.7628e-01
 7.4575e+00  7.7127e-01
 7.4675e+00  7.6627e-01
 7.4775e+00  7.6126e-01
 7.4875e+00  7.5626e-01
 7.4975e+00  7.5125e-01
 7.5075e+00  7.4625e-01
 7.5175e+00  7.4124e-01
 7.5275e+00  7.3624e-01
 7.5375e+00  7.3123e-01
 7.5475e+00  7.2623e-01
 7.5576e+00  7.2122e-01
 7.5676e+00  7.1622e-01
 7.5776e+00  7.1121e-01
 7.5876e+00  7.0621e-01
 7.5976e+00  7.0120e-01
 7.6076e+00  6.9620e-01
 7.6176e+00  6.9119e-01
 7.6276e+00  6.8619e-01
 7.6376e+00  6.8118e-01
 7.6476e+00  6.7618e-01
 7.6577e+00  6.7117e-01
 7.6677e+00  6.6617e-01
 7.6777e+00  6.6116e-01
 7.6877e+00  6.5616e-01
 7.6977e+00  6.5115e-01
 7.7077e+00  6.4615e-01
 7.7177e+00  6.4114e-01
 7.7277e+00  6.3614e-01
 7.7377e+00  6.3113e-01
 7.7477e+00  6.2613e-01
 7.7578e+00  6.2112e-01
 7.7678e+00  6.1612e-01
 7.7778e+00  6.1111e-01
 7.7878e+00  6.0611e-01
 7.7978e+00  6.0110e-01
 7.8078e+00  5.9610e-01
 7.8178e+00  5.9109e-01
 7.8278e+00  5.8609e-01
 7.8378e+00  5.8108e-01
 7.8478e+00  5.7608e-01
 7.8579e+00  5.7107e-01
 7.8679e+00  5.6607e-01
 7.8779e+00  5.6106e-01
 7.8879e+00  5.5606e-01
 7.8979e+00  5.5105e-01
 7.9079e+00  5.4605e-01
 7.9179e+00  5.4104e-01
 7.9279e+00  5.3604e-01
 7.9379e+00  5.3103e-01
 7.9479e+00  5.2603e-01
 7.9580e+00  5.2102e-01
 7.9680e+00  5.1602e-01
 7.9780e+00  5.1101e-01
 7.9880e+00  5.0601e-01
 7.9980e+00  5.0100e-01
 8.0080e+00  0.0000e+00
 8.0180e+00  0.0000e+00
 8.0280e+00  0.0000e+00
 8.0380e+00  0.0000e+00
 8.0480e+00  0.0000e+00
 8.0581e+00  0.0000e+00
 8.0681e+00  0.0000e+00
 8.0781e+00  0.0000e+00
 8.0881e+00  0.0000e+00
 8.0981e+00  0.0000e+00
 8.1081e+00  0.0000e+00
 8.1181e+00  0.0000e+00
 8.1281e+00  0.0000e+00
 8.1381e+00  0.0000e+00
 8.1481e+00  0.0000e+00
 8.1582e+00  0.0000e+00
 8.1682e+00  0.0000e+00
 8.1782e+00  0.0000e+00
 8.1882e+00  0.0000e+00
 8.1982e+00  0.0000e+00
 8.2082e+00  0.0000e+00
 8.2182e+00  0.0000e+00
 8.2282e+00  0.0000e+00
 8.2382e+00  0.0000e+00
 8.2482e+00  0.0000e+00
 8.2583e+00  0.0000e+00
 8.2683e+00  0.0000e+00
 8.2783e+00  0.0000e+00
 8.2883e+00  0.0000e+00
 8.2983e+00  0.0000e+00
 8.3083e+00  0.0000e+00
 8.3183e+00  0.0000e+00
 8.3283e+00  0.0000e+00
 8.3383e+00  0.0000e+00
 8.3483e+00  0.0000e+00
 8.3584e+00  0.0000e+00
 8.3684e+00  0.0000e+00
 8.3784e+00  0.0000e+00
 8.3884e+00  0.0000e+00
 8.3984e+00  0.0000e+00
 8.4084e+00  0.0000e+00
 8.4184e+00  0.0000e+00
 8.4284e+00  0.0000e+00
 8.4384e+00  0.0000e+00
 8.4484e+00  0.0000e+00
 8.4585e+00  0.0000e+00
 8.4685e+00  0.0000e+00
 8.4785e+00  0.0000e+00
 8.4885e+00  0.0000e+00
 8.4985e+00  0.0000e+00
 8.5085e+00  0.0000e+00
 8.5185e+00  0.0000e+00
 8.5285e+00  0.0000e+00
 8.5385e+00  0.0000e+00
 8.5485e+00  0.0000e+00
 8.5586e+00  0.0000e+00
 8.5686e+00  0.0000e+00
 8.5786e+00  0.0000e+00
 8.5886e+00  0.0000e+00
 8.5986e+00  0.0000e+00
 8.6086e+00  0.0000e+00
 8.6186e+00  0.0000e+00
 8.6286e+00  0.0000e+00
 8.6386e+00  0.0000e+00
 8.6486e+00  0.0000e+00
 8.6587e+00  0.0000e+00
 8.6687e+00  0.0000e+00
 8.6787e+00  0.0000e+00
 8.6887e+00  0.0000e+00
 8.6987e+00  0.0000e+00
 8.7087e+00  0.0000e+00
 8.7187e+00  0.0000e+00
 8.7287e+00  0.0000e+00
 8.7387e+00  0.0000e+00
 8.7487e+00  0.0000e+00
 8.7588e+00  0.0000e+00
 8.7688e+00  0.0000e+00
 8.7788e+00  0.0000e+00
 8.7888e+00  0.0000e+00
 8.7988e+00  0.0000e+00
 8.8088e+00  0.0000e+00
 8.8188e+00  0.0000e+00
 8.8288e+00  0.0000e+00
 8.8388e+00  0.0000e+00
 8.8488e+00  0.0000e+00
 8.8589e+00  0.0000e+00
 8.8689e+00  0.0000e+00
 8.8789e+00  0.0000e+00
 8.8889e+00  0.0000e+00
 8.8989e+00  0.0000e+00
 8.9089e+00  0.0000e+00
 8.9189e+00  0.0000e+00
 8.9289e+00  0.0000e+00
 8.9389e+00  0.0000e+00
 8.9489e+00  0.0000e+00
 8.9590e+00  0.0000e+00
 8.9690e+00  0.0000e+00
 8.9790e+00  0.0000e+00
 8.9890e+00  0.0000e+00
 8.9990e+00  0.0000e+00
 9.0090e+00  0.0000e+00
 9.0190e+00  0.0000e+00
 9.0290e+00  0.0000e+00
 9.0390e+00  0.0000e+00
 9.0490e+00  0.0000e+00
 9.0591e+00  0.0000e+00
 9.0691e+00  0.0000e+00
 9.0791e+00  0.0000e+00
 9.0891e+00  0.0000e+00
 9.0991e+00  0.0000e+00
 9.1091e+00  0.0000e+00
 9.1191e+00  0.0000e+00
 9.1291e+00  0.0000e+00
 9.1391e+00  0.0000e+00
 9.1491e+00  0.0000e+00
 9.1592e+00  0.0000e+00
 9.1692e+00  0.0000e+00
 9.1792e+00  0.0000e+00
 9.1892e+00  0.0000e+00
 9.1992e+00  0.0000e+00
 9.2092e+00  0.0000e+00
 9.2192e+00  0.0000e+00
 9.2292e+00  0.0000e+00
 9.2392e+00  0.0000e+00
 9.2492e+00  0.0000e+00
 9.2593e+00  0.0000e+00
 9.2693e+00  0.0000e+00
 9.2793e+00  0.0000e+00
 9.2893e+00  0.0000e+00
 9.2993e+00  0.0000e+00
 9.3093e+00  0.0000e+00
 9.3193e+00  0.0000e+00
 9.3293e+00  0.0000e+00
 9.3393e+00  0.0000e+00
 9.3493e+00  0.0000e+00
 9.3594e+00  0.0000e+00
 9.3694e+00  0.0000e+00
 9.3794e+00  0.0000e+00
 9.3894e+00  0.0000e+00
 9.3994e+00  0.0000e+00
 9.4094e+00  0.0000e+00
 9.4194e+00  0.0000e+00
 9.4294e+00  0.0000e+00
 9.4394e+00  0.0000e+00
 9.4494e+00  0.0000e+00
 9.4595e+00  0.0000e+00
 9.4695e+00  0.0000e+00
 9.4795e+00  0.0000e+00
 9.4895e+00  0.0000e+00
 9.4995e+00  0.0000e+00
 9.5095e+00  0.0000e+00
 9.5195e+00  0.0000e+00
 9.5295e+00  0.0000e+00
 9.5395e+00  0.0000e+00
 9.5495e+00  0.0000e+00
 9.5596e+00  0.0000e+00
 9.5696e+00  0.0000e+00
 9.5796e+00  0.0000e+00
 9.5896e+00  0.0000e+00
 9.5996e+00  0.0000e+00
 9.6096e+00  0.0000e+00
 9.6196e+00  0.0000e+00
 9.6296e+00  0.0000e+00
 9.6396e+00  0.0000e+00
 9.6496e+00  0.0000e+00
 9.6597e+00  0.0000e+00
 9.6697e+00  0.0000e+00
 9.6797e+00  0.0000e+00
 9.6897e+00  0.0000e+00
 9.6997e+00  0.0000e+00
 9.7097e+00  0.0000e+00
 9.7197e+00  0.0000e+00
 9.7297e+00  0.0000e+00
 9.7397e+00  0.0000e+00
 9.7497e+00  0.0000e+00
 9.7598e+00  0.0000e+00
 9.7698e+00  0.0000e+00
 9.7798e+00  0.0000e+00
 9.7898e+00  0.0000e+00
 9.7998e+00  0.0000e+00
 9.8098e+00  0.0000e+00
 9.8198e+00  0.0000e+00
 9.8298e+00  0.0000e+00
 9.8398e+00  0.0000e+00
 9.8498e+00  0.0000e+00
 9.8599e+00  0.0000e+00
 9.8699e+00  0.0000e+00
 9.8799e+00  0.0000e+00
 9.8899e+00  0.0000e+00
 9.8999e+00  0.0000e+00
 9.9099e+00  0.0000e+00
 9.9199e+00  0.0000e+00
 9.9299e+00  0.0000e+00
 9.9399e+00  0.0000e+00
 9.9499e+00  0.0000e+00
 9.9600e+00  0.0000e+00
 9.9700e+00  0.0000e+00
 9.9800e+00  0.0000e+00
 9.9900e+00  0.0000e+00
 1.0000e+01  0.0000e+00
